[gd_scene load_steps=8 format=2]

[ext_resource path="res://Models/skybox/CkUJBsa.jpg" type="Texture" id=1]
[ext_resource path="res://HaloRing.tscn" type="PackedScene" id=2]
[ext_resource path="res://PathFollow.gd" type="Script" id=3]
[ext_resource path="res://HaloPelican.tscn" type="PackedScene" id=4]

[sub_resource type="PanoramaSky" id=1]
radiance_size = 5
panorama = ExtResource( 1 )

[sub_resource type="Environment" id=2]
background_mode = 2
background_sky = SubResource( 1 )
ambient_light_energy = 16.0
glow_intensity = 0.01
glow_strength = 0.0
glow_bloom = 0.4
glow_hdr_luminance_cap = 26.07
glow_hdr_scale = 1.74
adjustment_enabled = true
adjustment_brightness = 1.35
adjustment_saturation = 1.18

[sub_resource type="Curve3D" id=3]
_data = {
"points": PoolVector3Array( 0, 0, 0, 0, 0, 0, -2.32301, 24.7, 0.895019, -0.970053, -1.65722, -2.51117, 0.970053, 1.65722, 2.51117, 0.269966, 28.9281, 7.46117, -1.94062, -1.17063, -2.23299, 1.94062, 1.17063, 2.23299, 5.19818, 33.4612, 15.9716, 0, 0, 0, 0, 0, 0, 10.9655, 36.2865, 24.1571 ),
"tilts": PoolRealArray( 0, 0, 0, 0 )
}

[node name="Spatial" type="Spatial"]

[node name="WorldEnvironment" type="WorldEnvironment" parent="."]
environment = SubResource( 2 )

[node name="Camera" type="Camera" parent="."]
transform = Transform( -1, 3.19412e-008, 8.13788e-008, 0, 0.930865, -0.365364, -8.74228e-008, -0.365364, -0.930865, 0, 24.61, 0 )
fov = 90.0
far = 512.0

[node name="Ring" parent="." instance=ExtResource( 2 )]
editor/display_folded = false
transform = Transform( 0.271797, -0.961318, 0.0446453, 0.0692513, 0.065809, 0.995426, -0.95986, -0.267462, 0.0844593, 46.96, 55.135, 74.931 )

[node name="Path" type="Path" parent="."]
transform = Transform( 1, 0, 0, 0, 1, 0, 0, 0, 1, 0.466905, -0.466185, 0.206686 )
curve = SubResource( 3 )

[node name="PathFollow" type="PathFollow" parent="Path"]
transform = Transform( 0.97982, -0.0563858, 0.191758, 0, 0.959384, 0.282102, -0.199876, -0.276411, 0.940021, -1.93875, 25.2937, 1.82232 )
rotation_mode = 4
script = ExtResource( 3 )

[node name="Pelican" parent="Path/PathFollow" instance=ExtResource( 4 )]
transform = Transform( -0.0127298, 0.00108237, -0.0991805, 0.00847213, 0.0996405, 0, 0.098824, -0.00840271, -0.0127757, 0.058754, -0.444742, -1.43732 )
