[gd_scene load_steps=9 format=2]

[ext_resource path="res://D77TC Pelican.tscn" type="PackedScene" id=1]
[ext_resource path="res://HaloRing.tscn" type="PackedScene" id=2]
[ext_resource path="res://PathFollow.gd" type="Script" id=3]
[ext_resource path="res://Scene1.gd" type="Script" id=4]
[ext_resource path="res://Models/Space/skybox colorful.png" type="Texture" id=5]

[sub_resource type="PanoramaSky" id=1]
radiance_size = 6
panorama = ExtResource( 5 )

[sub_resource type="Environment" id=2]
background_mode = 2
background_sky = SubResource( 1 )
ambient_light_color = Color( 1, 1, 1, 1 )
ambient_light_energy = 16.0
dof_blur_far_distance = 144.02
dof_blur_far_transition = 600.35
dof_blur_far_amount = 0.0
dof_blur_far_quality = 2
glow_enabled = true
glow_intensity = 0.45
glow_strength = 0.87
glow_blend_mode = 0
glow_hdr_threshold = 0.0
adjustment_enabled = true
adjustment_brightness = 1.44
adjustment_contrast = 1.09
adjustment_saturation = 1.35

[sub_resource type="Curve3D" id=3]
_data = {
"points": PoolVector3Array( 0, 0, 0, 0, 0, 0, -4.29712, 24.9251, -3.05874, 0, 0, 0, 0, 0, 0, 21.156, 39.043, 34.2495 ),
"tilts": PoolRealArray( 0, 0 )
}

[node name="Main" type="Spatial"]
script = ExtResource( 4 )

[node name="WorldEnvironment" type="WorldEnvironment" parent="."]
environment = SubResource( 2 )

[node name="Camera" type="Camera" parent="."]
transform = Transform( -1, -1.20373e-07, -3.02792e-07, 0, 0.929262, -0.369423, 3.25841e-07, -0.369423, -0.929262, 0, 24.61, 0 )
fov = 90.0
far = 1643.6

[node name="Ring" parent="." instance=ExtResource( 2 )]
transform = Transform( -1.2479, -1.16431, -1.04266, 0.683408, 0.793435, -1.70394, 1.4056, -1.41945, -0.0972134, 48.8556, 71.9942, 128.375 )

[node name="Path" type="Path" parent="."]
transform = Transform( 1, 0, 0, 0, 1, 0, 0, 0, 1, 0.466905, -0.466185, 0.206686 )
curve = SubResource( 3 )

[node name="PathFollow" type="PathFollow" parent="Path"]
transform = Transform( 0.97982, -0.0563858, 0.191758, 0, 0.959384, 0.282102, -0.199876, -0.276411, 0.940021, -1.93875, 22.2753, -1.93623 )
rotation_mode = 4
script = ExtResource( 3 )

[node name="D77TC Pelican" parent="Path/PathFollow" instance=ExtResource( 1 )]
transform = Transform( 0.2, 0, 0, 0, 0.2, 0, 0, 0, 0.2, 0, 0, 0 )

[node name="DirectionalLight" type="DirectionalLight" parent="."]
transform = Transform( 0.834012, 0.310402, -0.456153, 0.381564, -0.921652, 0.0704739, -0.398539, -0.232828, -0.887107, -0.0633087, 18.1882, -29.609 )
