[gd_scene load_steps=12 format=2]

[ext_resource path="res://Models/Space/skybox colorful.png" type="Texture" id=1]
[ext_resource path="res://CovenantCarrier.tscn" type="PackedScene" id=2]
[ext_resource path="res://Banshee.tscn" type="PackedScene" id=3]
[ext_resource path="res://Bansheespawn.gd" type="Script" id=4]
[ext_resource path="res://Scene4.gd" type="Script" id=5]
[ext_resource path="res://D77TC Pelican.tscn" type="PackedScene" id=6]

[sub_resource type="PanoramaSky" id=1]
radiance_size = 6
panorama = ExtResource( 1 )

[sub_resource type="Environment" id=2]
background_mode = 2
background_sky = SubResource( 1 )
ambient_light_color = Color( 1, 1, 1, 1 )
dof_blur_far_distance = 144.02
dof_blur_far_transition = 600.35
dof_blur_far_amount = 0.0
dof_blur_far_quality = 2
glow_enabled = true
glow_levels/2 = true
glow_levels/3 = false
glow_intensity = 0.45
glow_strength = 0.87
glow_blend_mode = 0
glow_hdr_threshold = 0.0
adjustment_enabled = true
adjustment_contrast = 1.09

[sub_resource type="Curve3D" id=3]
_data = {
"points": PoolVector3Array( 0, 0, 0, 0, 0, 0, -75.2927, 18.9354, 62.0754, -15.6114, -5.49492, -113.632, 15.6114, 5.49492, 113.632, -40.7661, -22.3576, 282.708, -59.9658, -65.1761, -156.376, 59.9658, 65.1761, 156.376, 80.0238, 69.7012, 689.324 ),
"tilts": PoolRealArray( 0, 0, 0 )
}

[sub_resource type="Animation" id=4]
resource_name = "camera"
length = 5.0
tracks/0/type = "value"
tracks/0/path = NodePath("ColorRect:color")
tracks/0/interp = 1
tracks/0/loop_wrap = true
tracks/0/imported = false
tracks/0/enabled = true
tracks/0/keys = {
"times": PoolRealArray( 0, 4.5, 5 ),
"transitions": PoolRealArray( 1, 1, 1 ),
"update": 0,
"values": [ Color( 0, 0, 0, 0 ), Color( 0, 0, 0, 0 ), Color( 0, 0, 0, 1 ) ]
}

[sub_resource type="Animation" id=5]
resource_name = "fadein"
tracks/0/type = "value"
tracks/0/path = NodePath("ColorRect:color")
tracks/0/interp = 1
tracks/0/loop_wrap = true
tracks/0/imported = false
tracks/0/enabled = true
tracks/0/keys = {
"times": PoolRealArray( 0, 0.5 ),
"transitions": PoolRealArray( 1, 1 ),
"update": 0,
"values": [ Color( 0, 0, 0, 1 ), Color( 0, 0, 0, 0 ) ]
}

[node name="Scene4" type="Spatial"]
script = ExtResource( 5 )

[node name="WorldEnvironment" type="WorldEnvironment" parent="."]
environment = SubResource( 2 )

[node name="covcar" parent="." instance=ExtResource( 2 )]

[node name="DirectionalLight" type="DirectionalLight" parent="."]
transform = Transform( 0.0959846, 0, -0.995383, 0, 1, 0, 0.995383, 0, 0.0959846, -20.6679, 9.92061, 167.408 )

[node name="Path" type="Path" parent="."]
curve = SubResource( 3 )

[node name="PathFollow" type="PathFollow" parent="Path"]
transform = Transform( 0.984794, 0.0681597, 0.159794, -3.72529e-09, 0.919819, -0.392343, -0.173724, 0.386378, 0.90583, -75.2927, 18.9354, 62.0754 )
rotation_mode = 4
loop = false
script = ExtResource( 4 )

[node name="Banshees" type="MeshInstance" parent="Path/PathFollow"]
transform = Transform( -1.62921e-07, 0, -1, 0, 1, 0, 1, 0, -1.62921e-07, 0, 0, 0 )

[node name="Banshee" parent="Path/PathFollow/Banshees" instance=ExtResource( 3 )]
transform = Transform( 1, 5.96046e-08, 1.49012e-08, 5.96046e-08, 1, -7.45058e-09, 2.98023e-08, 0, 1, 3.8147e-06, -22.7169, 24.9747 )

[node name="Banshee2" parent="Path/PathFollow/Banshees" instance=ExtResource( 3 )]
transform = Transform( 1, 5.96046e-08, 1.49012e-08, 5.96046e-08, 1, -7.45058e-09, 2.98023e-08, 0, 1, 0, -20.2479, -26.3826 )

[node name="Banshee3" parent="Path/PathFollow/Banshees" instance=ExtResource( 3 )]

[node name="Target" type="Spatial" parent="Path/PathFollow/Banshees"]
transform = Transform( 0.766549, 0, 0.642187, 0, 1, 0, -0.642186, 0, 0.766551, 100, 0, 50 )

[node name="AnimationPlayer" type="AnimationPlayer" parent="."]
anims/camera = SubResource( 4 )
anims/fadein = SubResource( 5 )

[node name="InterpolatedCamera" type="InterpolatedCamera" parent="."]
transform = Transform( 0.271827, 0, 0.962346, 0, 1, 0, -0.962346, 0, 0.271827, 0, 0, 0 )
far = 8192.0
target = NodePath("../Path/PathFollow/Banshees/Target")
speed = 5.0
enabled = true

[node name="ColorRect" type="ColorRect" parent="."]
anchor_right = 1.0
anchor_bottom = 1.0
color = Color( 0, 0, 0, 1 )
__meta__ = {
"_edit_use_anchors_": false
}

[node name="fightcam" type="Camera" parent="."]
transform = Transform( 0.390055, 0.0453087, -0.919676, 0.1066, 0.989851, 0.0939776, 0.9146, -0.134694, 0.381267, -66.1358, 10.0278, 76.7046 )
far = 8192.0

[node name="Bansheesfight" type="MeshInstance" parent="."]
transform = Transform( -1.6292e-07, 0, -1, 0, 1, 0, 0.999998, 0, -1.62921e-07, 0, 0, 0 )
visible = false

[node name="Banshee" parent="Bansheesfight" instance=ExtResource( 3 )]
transform = Transform( 1, 5.96046e-08, 1.49012e-08, 5.96046e-08, 1, -7.45058e-09, 2.98023e-08, 0, 1, 3.8147e-06, -22.7169, 24.9747 )

[node name="Banshee2" parent="Bansheesfight" instance=ExtResource( 3 )]
transform = Transform( 1, 5.96046e-08, 1.49012e-08, 5.96046e-08, 1, -7.45058e-09, 2.98023e-08, 0, 1, 0, -20.2479, -26.3826 )

[node name="Banshee3" parent="Bansheesfight" instance=ExtResource( 3 )]

[node name="Target" type="Spatial" parent="Bansheesfight"]
transform = Transform( 0.766549, 0, 0.642187, 0, 1, 0, -0.642186, 0, 0.766551, 100, 0, 50 )

[node name="D77TCPelican" parent="." instance=ExtResource( 6 )]
transform = Transform( -2, 0, -7.78829e-07, 0, 2, 0, 7.78829e-07, 0, -2, 0, 0, 70 )
visible = false
[connection signal="animation_finished" from="AnimationPlayer" to="." method="_on_AnimationPlayer_animation_finished"]
